88276
66898
58877
69396
53434
69841
51135
75350
87528
33533
88767
70018
25424
46726
41136
81001
48800
68425
32161
18867
58177
67114
48598
49215
50571
57798
87680
81941
25776
61540
30036
72011
74083
87228
49402
20185
79992
83744
51270
65194
83619
61729
22798
17489
72632
20376
14663
75764
42214
73812
77490
58694
84894
89172
26728
38031
42918
71012
54495
46702
43028
35521
67868
34274
20784
35595
34154
44840
36669
41986
46387
44020
84238
36022
71031
64368
10793
20169
18550
88728
66508
18159
39451
42664
23446
97584
78504
26535
15557
28271
36597
46447
95598
93731
32397
52807
26220
95837
67607
37466
43058
26473
68777
22436
88573
61259
38254
93975
57986
77318
84495
81381
57739
60598
33182
93710
37609
78984
22162
55715
63919
90630
25719
94542
46758
81729
38275
98915
56501
26391
20345
90235
76165
34771
11831
17735
82093
74646
18879
62123
76704
35340
17626
73828
60131
93584
62201
19005
35018
47795
41800
80773
80820
22857
37449
82183
45864
36815
54020
81545
62572
44708
66801
59501
67098
21266
58508
84719
45950
70627
94298
11607
99117
17953
31425
85902
88524
63952
19191
79802
57866
62302
78098
20698
84629
41677
27485
75935
31977
10336
38958
84834
96511
12736
89758
53646
15153
32060
27908
16393
25261
60760
25775
16904
62346
47080
93255
89013
43284
65144
48707
57437
11138
24856
29683
98693
77263
30391
33113
65000
31396
46020
99476
11386
13977
86041
62608
80461
42619
18929
91858
19069
61625
13273
58290
31333
95844
29334
24222
76497
47981
81211
43664
74273
45398
98433
26920
27584
63319
54868
43366
71718
83801
61400
61109
95577
27710
68618
14815
99140
19676
66372
44319
73785
67363
37981
64109
38227
50207
15814
35531
87819
77349
53298
93233
39520
12419
60177
75199
56305
32449
34934
27633
41294
34059
55758
95114
73343
58117
10949
50109
83134
42282
98859
77195
68363
27138
54907
48273
54605
62553
17301
21589
96728
17529
89541
51908
29216
37748
38967
25027
37822
16972
65654
89175
92617
83877
44697
66651
78880
37397
95633
43655
64537
40450
35026
50317
36367
72620
92261
65227
55208
75345
42971
23437
67508
30045
26319
94064
82690
72650
50246
43186
95740
93191
18379
88847
93995
29163
14073
58056
38419
72129
60430
53216
26547
83079
93135
77493
12140
95863
95009
54331
41336
28390
30001
16467
41976
72803
13293
81616
55833
56308
37379
82304
25192
61301
50596
89256
51767
99750
73773
55989
97758
10410
53668
77104
68379
77163
28265
90246
16607
96931
58164
73496
48229
45012
66692
37875
46075
48894
99826
14013
71154
66577
36276
19745
50165
38691
95886
52404
29053
54601
78577
88081
22120
26351
65154
94729
24835
47235
73145
36917
20883
52413
34176
63332
31710
71774
85579
41953
97551
71600
59341
31814
95286
76385
55251
90169
29732
13303
72252
17173
28700
17812
53025
59430
12042
58967
85014
46781
39766
73197
90285
79561
20685
76311
79752
43455
20101
40723
99036
15360
83359
24092
74245
78493
18109
33181
30810
49318
48376
66515
85559
52603
15485
96967
82449
15134
77060
15232
84525
78813
94671
42843
74833
66138
76441
48947
40084
39507
22913
57276
58685
79898
31508
81103
22402
20796
12508
15845
13737
44058
50103
96114
77456
11099
55100
66890
34647
89464
59790
66352
22083
50907
53119
63810
80195
23998
68579
83066
54633
11848
39398
55018
15490
22818
70014
84784
56723
42172
27501
68628
26910
69452
55377
75773
76624
95112
87646
17801
87295
44500
44268
36127
47954
32935
82874
43736
35398
57240
66137
70642
26664
21077
18083
68347
43546
59969
97915
27970
34897
68826
62321
31006
84746
90395
79681
21845
14083
27976
55683
37310
97078
59224
97516
97794
68947
92999
90600
60922
94745
92352
23167
58643
26061
81562
62234
32629
55857
86338
33959
49952
25710
89653
29597
48607
45503
34827
55026
79004
49530
63035
21467
32990
37155
86903
99869
92845
23477
49028
85415
86639
92362
47938
56412
53250
97330
34681
63641
23187
30279
69161
85026
39547
26347
38232
58398
20322
15669
58858
22292
29471
90339
79941
27230
72115
82786
91405
37597
69470
92310
31838
45720
81126
18163
84101
68690
81944
75593
84103
47576
67268
81782
34915
90879
37594
66147
79839
15112
12908
84519
59355
82078
55861
29250
61882
87566
92451
81915
97640
85815
99849
63018
28370
48533
80523
31016
58468
43628
64414
44240
11713
38810
96131
88407
93559
13946
47619
10982
11173
90206
92293
76729
43385
21688
34259
89157
57155
24597
74759
78307
39986
27292
16156
63506
31033
37996
62762
16153
52242
15408
62161
83394
41640
81262
63439
56270
70128
14772
49672
65463
36553
91426
87810
60238
25042
24118
89578
12535
98679
66756
32315
54236
57742
88687
27546
38444
54413
61066
50625
64691
14588
82277
86045
10805
26418
33509
92241
16301
33262
63819
60290
27878
62757
33736
54632
98296
40338
39847
68719
26251
31242
17968
65814
87166
66068
63451
75377
76019
31860
16990
68237
97234
10354
90915
57030
46774
98324
62884
69753
40694
29722
82408
78426
36510
82646
60802
22506
41287
70889
42747
63269
94305
83292
99601
28090
75509
72603
83377
60842
75682
22941
17444
74802
14072
87701
34656
46875
27302
48261
76463
82028
73870
61202
42408
35464
70524
82046
36533
57066
46809
68136
96003
91179
48169
66757
13487
31943
30614
49160
73079
48309
37764
69645
73753
40007
28731
52577
24804
45279
50104
58957
74242
82526
53224
28710
16639
35975
69003
32252
45703
43201
69422
28861
96176
59974
41775
28765
68451
70833
91438
14337
92555
82354
91403
36010
71745
76896
80599
68209
37710
93904
30193
41556
66899
94568
54705
81380
34483
65507
30120
29450
42736
53346
14757
40165
79668
41837
84503
20697
25413
42745
20196
46639
20938
72750
30633
69800
15331
70263
45791
82870
19018
51852
27414
34329
92239
84367
77053
22196
85126
47732
61744
98222
97357
70811
16481
43767
35217
61111
12172
73660
86799
81356
11180
63364
56016
36532
50093
49544
77019
48935
59500
84514
10182
84993
32090
52538
44305
35273
82847
14193
12518
30971
63688
92997
84824
61855
54244
21885
69802
84492
72691
88759
14184
80558
52320
72459
35029
95586
20863
88115
66836
77227
45790
78529
24755
66458
88377
89711
19124
34822
22669
13714
34557
82299
29716
75280
57005
13298
23203
99989
33132
22248
54269
52385
16123
41031
61081
16985
50927
49258
51058
12476
41318
20691
22660
76815
36438
