66757
13714
87487
12997
62485
67231
99904
18379
59461
35866
25688
18379
37382
68550
44070
57100
20883
87909
69003
53216
19563
46700
90768
39678
65700
56585
69003
15557
32379
58056
13872
69003
56426
81833
73309
37731
61292
53216
88596
46832
84894
48656
27189
88767
85830
74164
10793
18838
79141
70018
16156
13273
57554
61675
10793
20716
72362
67914
54567
63623
14772
30594
67268
24937
48924
84894
24579
59881
56576
66757
17065
21738
17801
30633
18379
17801
84894
34934
70811
62854
64049
54705
58284
38958
75653
43691
58006
53216
21045
47020
50514
13273
22815
81772
42899
58056
59055
54705
97159
45429
45549
38665
98333
91327
18379
13273
22391
44919
86639
62161
36775
69003
16156
40116
57284
40019
19836
38227
87784
79073
45370
87468
18379
80660
65583
67887
92261
65294
83143
18379
88767
72889
65757
17801
85257
15601
80861
34915
15331
90282
10793
46892
57504
23294
44363
10793
44764
87646
42747
36954
78433
85010
34934
81640
10995
24232
46505
48985
13273
88831
18336
64739
97842
12794
75382
53216
43409
20883
65647
47730
87646
88003
20883
13714
86162
88767
97877
35026
38958
15331
56895
46538
95481
43965
80543
21616
27525
45791
16820
78794
13714
61769
44057
28591
59184
54868
91337
34232
45791
78168
52734
38227
20883
29227
53147
42526
70760
13714
69177
93383
87646
58056
75483
38227
60040
55209
69834
66757
47463
34934
62769
54868
85419
68175
58056
38227
84894
68879
35285
71805
28002
58965
39986
26273
17801
73406
13714
65412
38958
34934
89514
34934
54868
56326
62234
24775
45683
53650
34934
94619
21445
67268
64077
87482
73784
95495
62470
60416
48005
22460
93554
67268
54705
38227
93256
18379
73147
20524
32773
34934
51496
40501
59926
53216
89273
53090
18379
30633
20883
61815
20883
92261
70811
76937
83935
53216
20883
17801
34990
96230
62234
69003
73755
16156
34936
70641
56932
69003
34963
38227
53216
70286
53216
66836
35032
25694
91737
88253
45791
87646
17801
70633
67268
34934
95938
45000
83146
90064
38099
82635
39515
50909
21622
89934
87646
13138
65063
26063
55251
88897
38227
18379
90329
21974
67268
18379
16156
27240
38227
76351
67139
22712
15747
20883
13714
83628
15557
58056
63382
83041
28252
50517
36822
16927
85921
13714
62059
19940
16156
39266
62615
62234
24152
16156
19287
15504
53692
83571
87214
10867
64934
82155
56036
88011
45791
91524
79890
22365
17501
58056
82991
58056
92694
54705
66836
15557
98199
93700
45791
83674
87646
53216
10986
69003
26903
87646
92261
73386
67293
58056
16156
28966
13714
75281
52658
67971
67976
16045
39831
24698
53216
41597
58906
47079
48581
68666
62161
38227
14427
54705
67268
32949
15557
84370
13273
16318
34982
67268
39986
81359
47411
35053
37157
10793
20883
28138
70018
30633
38227
99935
49689
88468
58056
70149
87646
85815
39986
87646
13714
67196
35030
17397
13714
37175
77643
38227
44446
59320
38958
54705
99694
70018
54965
12873
54868
71718
62161
55721
59369
19435
94743
62161
87414
15557
44720
20883
27019
12132
15557
87646
30633
81344
58056
35026
99195
49878
57461
78545
16156
46125
31266
92912
34580
89739
91562
38958
18379
53216
81856
83048
58056
53216
35703
42524
18379
54868
66757
93538
28815
20001
88767
54705
58056
35759
38958
44593
43558
52839
80406
58056
86161
62161
45107
30633
58056
11285
95835
28867
57746
65352
87903
86600
91343
91216
34934
84894
23086
92261
61352
75410
88973
24188
71189
79027
34510
81842
64378
36571
81253
70328
38596
79284
82128
92184
11347
89605
85815
38958
30633
89890
16300
96640
76961
88767
76074
15053
63856
67268
48545
20504
29312
66305
34934
16156
10730
36549
66592
10793
97170
66144
28741
79303
40342
59932
88767
66757
67268
32838
78332
18379
71709
58121
51180
92469
71788
16156
87881
54705
16156
94098
34934
95083
28344
54751
34915
34934
55251
10108
47298
60183
56651
68503
15557
38227
34915
12304
75369
76347
91259
90665
58997
71718
67268
63209
34932
30633
39986
76836
33664
20883
98658
13714
20883
49702
49173
84894
63029
84894
80172
67268
31565
34934
29399
89342
29470
93980
30633
15557
16156
91824
15557
73920
20560
20731
99203
87413
36392
68848
70811
56365
39986
10676
62234
62008
47549
34934
50287
54557
60436
47513
19090
17801
47705
91614
55251
86597
34459
59020
54705
70018
80703
34915
84894
71311
35026
10936
85865
26160
18379
83917
70811
66757
88623
18379
15557
32112
85603
66836
10498
39986
69825
34934
43335
81803
85627
13714
14568
41539
67268
88612
84125
49872
38958
10793
80576
38958
54311
18379
66836
88767
85815
43259
45228
85016
84894
91756
30633
20883
59592
28169
54868
13714
60740
16156
82952
30613
11813
39309
56057
67268
68918
55378
56691
37006
84894
57086
67268
60476
66836
86823
10793
52670
10793
53216
98193
34915
87646
43032
67268
41598
18379
33052
69560
56471
53535
25880
54868
88767
41062
55251
12486
16698
18379
66836
66836
87646
58056
54705
53216
53216
66391
13975
13273
55251
58056
38227
67268
87646
66757
15557
66836
67268
90043
82436
22670
39551
66757
41388
75763
27121
29742
69003
91520
96589
74511
22164
16156
38958
55251
96310
18379
18379
62161
40972
55251
53216
98985
58056
15557
67481
23899
62234
20883
77821
95184
34915
59886
16156
86757
70811
70309
39722
37895
71680
37598
45296
70018
65261
81921
16156
98310
87161
38666
18712
81245
62161
65636
38227
41678
35735
61054
27344
66152
11795
13714
25321
64702
15018
63103
88767
53291
85815
26868
72661
83663
27206
53118
70672
44797
13649
27383
98935
82659
42747
54705
17801
67268
54705
38382
91559
15462
99282
30633
25981
20223
13261
24578
30274
30633
41456
22277
30633
27488
25861
37155
62045
54705
88177
53727
73432
84538
36671
97037
13504
36396
84869
56409
59556
37071
63830
48976
31004
10793
34934
54705
50118
34934
50585
24227
61159
62161
98529
54705
56295
16570
80373
92261
17801
99212
54344
57185
34915
20883
47386
72550
25351
85337
55251
53216
94306
84894
74140
33678
12093
80895
47385
87012
54652
58056
45791
92261
29445
19896
45791
80738
51249
90751
36978
54705
92752
27377
97024
34934
61708
55251
58056
53216
35026
73956
72500
62749
19344
18299
54705
85665
15331
87216
79261
13714
66540
92583
15204
67268
98670
92416
95004
61354
23411
71595
64062
96641
69003
86025
58056
34934
43346
25148
17801
26086
47508
